99127
98452
96736
96445
96234
96084
95786
95677
95461
93338
93127
92493
91393
91338
90763
90761
90728
90716
90657
90573
90513
90512
90482
90479
90477
90402
90401
90392
90388
90407
90408
90328
90318
90152
90116
89402
89335
89274
89238
89217
89171
89046
88952
88925
88885
88802
88794
88790
88782
88754
88505
88484
88482
88481
88480
88479
88477
88454
88280
88271
88210
88209
88158
87744
86989
86876
86398
86380
86172
86153
86136
84471
84372
84086
83979
83564
82964
82787
82451
81735
81138
80956
80840
80795
80791
80789
80590
80434
80432
80287
80285
80209
80153
80077
79864
79862
78878
78874
78812
78627
78333
78324
78315
77418
77390
76688
76650
76642
76640
76620
76561
76559
76558
76557
76555
76554
76510
76508
76298
76127
76012
17973
17926
17911
17906
17905
17878
17871
17861
21250
21059
21055
20680
20663
20632
20599
20578
20468
20399
20368
20319
20310
20311
20301
20151
20150
20112
20062
20056
20057
19975
19927
19831
19805
19773
19760
19755
19568
19526
19524
19525
19075
19074
19054
18759
18681
18595
18522
18507
18498
18495
18492
18490
18473
18278
18280
18221
18003
17827
17804
17791
17787
17740
17679
17622
17568
17517
17512
17378
17368
17279
17238
17224
17268
17216
17131
16872
16738
16149
16053
16049
16021
15868
15843
15780
15312
15288
15269
14937
14726
14725
14729
14549
14480
14464
14454
14412
14393
14372
14095
13927
13268
13241
13135
12787
12512
12496
12488
12237
12006
11875
11842
11712
11656
11602
11601
11525
11514
11511
11131
10991
10979
10929
10917
10647
10644
10390
10343
10316
10315
49579
49580
73684
71700
71679
70428
69877
69857
69855
67570
67527
67184
61789
61598
61595
61558
61559
61517
60835
60772
60706
60629
60630
60323
60315
60104
60012
59981
59946
59945
59846
59840
59339
59140
59062
59041
58926
58906
58876
58476
57134
57114
56916
56828
56680
56492
56464
56448
56424
56419
56271
56270
56249
56225
55412
55361
55356
55354
55340
55336
55329
55317
55302
55268
55262
55185
55179
55175
55171
55170
55166
55136
55117
54805
54792
54766
54806
54513
54371
54323
54322
54248
54194
54176
54175
54164
54104
53843
53048
52698
52496
52461
52356
52355
52296
52026
51968
51952
51948
51911
51897
51860
51803
51792
51732
51728
51580
51527
51273
51271
50279
49952
49876
49735
49656
49410
49370
49309
49267
49266
49214
49097
48854
48853
48847
48772
48771
48439
47665
47645
47313
47094
46998
46898
46525
46497
46009
45825
44849
44677
44336
43693
42995
42892
42871
42868
42849
42844
42839
42676
42534
42430
41795
41215
40837
40835
40836
40792
40789
40694
40559
40406
40405
40390
40389
40380
40272
40270
40269
40232
39992
39991
39805
39790
39816
39563
39498
39441
39377
39313
38747
38569
38560
38519
38499
38411
38401
38400
38394
38173
38101
38093
37793
37752
37607
37605
37573
37512
37265
37198
37196
37169
37064
37014
36996
36803
34703
33668
33588
33148
32644
32610
32488
32281
32260
28690
28644
28606
28590
28456
28455
28411
28291
28289
28160
28112
27701
27692
27672
27462
26921
26904
26906
26768
26726
